0,310
0,305
0,308
0,307
0,302
0,304
0,303
0,12
0,10
0,8
0,0
0,415
0,486
0,300
0,457
0,412
0,299
0,527
0,298
0,439
0,411
0,297
0,433
0,410
0,296
0,333
0,409
0,295
0,564
0,492
0,294
0,491
0,407
0,293
0,526
0,556
0,292
0,525
0,422
0,291
0,571
0,404
0,290
0,546
0,376
0,289
0,524
0,463
0,288
0,550
0,403
0,287
0,483
0,402
0,286
0,549
0,401
0,285
0,555
0,502
0,284
0,554
0,518
0,283
0,523
0,498
0,282
0,522
0,570
0,281
0,521
0,330
0,280
0,406
0,394
0,279
0,393
0,462
0,278
0,391
0,487
0,277
0,559
0,388
0,276
0,400
0,520
0,275
0,432
0,387
0,274
0,413
0,386
0,273
0,398
0,385
0,272
0,482
0,450
0,271
0,384
0,270
0,519
0,552
0,269
0,562
0,542
0,268
0,480
0,381
0,267
0,544
0,266
0,565
0,395
0,265
0,390
0,380
0,264
0,547
0,379
0,263
0,495
0,378
0,262
0,475
0,474
0,261
0,543
0,377
0,260
0,517
0,451
0,259
0,473
0,375
0,258
0,561
0,374
0,257
0,516
0,569
0,256
0,560
0,471
0,255
0,455
0,373
0,254
0,372
0,253
0,318
0,371
0,252
0,515
0,469
0,251
0,370
0,250
0,466
0,369
0,249
0,514
0,446
0,248
0,558
0,367
0,247
0,361
0,513
0,246
0,553
0,504
0,245
0,464
0,366
0,244
0,468
0,365
0,242
0,405
0,364
0,241
0,461
0,363
0,322
1,3
1,1
0,383
386,0
0,408
0,414
0,416
386,5
2,4
0,420
0,454
0,467
0,470
0,489
0,494
0,497
0,499
0,545
2,5
2,6
3,1
3,3
383,1
383,3
385,0
385,2
385,3
387,0
387,1
387,3
388,1
388,2
389,0
389,1
389,3
390,0
390,1
390,3
391,0
391,2
391,4
392,0
392,2
392,3
393,0
393,1
393,3
395,0
395,1
395,3
395,4
397,1
397,3
397,4
400,1
400,2
400,4
403,0
403,2
403,4
403,5
405,0
405,1
405,3
406,0
406,1
406,3
406,4
408,1
408,2
408,4
408,3
408,0
406,2
405,4
405,2
403,6
403,3
403,1
400,3
400,0
397,2
397,0
395,2
393,4
393,2
392,4
392,1
391,3
391,1
390,2
389,4
389,2
388,3
388,0
387,2
386,2
385,1
383,2
383,0
3,0
2,2
0,503
0,496
0,479
386,4
0,421
0,419
386,1
386,3
0,389
0,382
1,0
0,243
2,1
2,7
2,3
2,0
0,9
0,240
0,512
0,430
0,239
0,460
0,362
0,238
0,459
0,572
0,237
0,511
0,399
0,236
0,368
0,359
0,235
0,540
0,392
0,234
0,537
0,458
0,233
0,334
0,358
0,232
0,485
0,357
0,231
0,465
0,356
0,230
0,397
0,355
0,229
0,551
0,354
0,228
0,568
0,353
0,227
0,535
0,226
0,500
0,352
0,225
0,453
0,501
0,224
0,566
0,360
0,223
0,533
0,349
0,222
0,575
0,452
0,221
0,510
0,541
0,220
0,548
0,348
0,219
0,447
0,347
0,218
0,396
0,346
0,217
0,509
0,448
0,216
0,449
0,563
0,215
0,574
0,343
0,214
0,532
0,342
0,213
0,539
0,341
0,212
0,435
0,340
0,211
0,345
0,339
0,210
0,444
0,338
0,209
0,434
0,337
0,208
0,456
0,336
0,207
0,445
0,573
0,206
0,493
0,335
0,205
0,442
0,481
0,204
0,441
0,531
0,203
0,332
0,202
0,507
0,438
0,201
0,530
0,534
0,200
0,538
0,331
0,199
0,437
0,484
0,198
0,436
0,490
0,197
0,488
0,328
0,196
0,529
0,536
0,195
0,528
0,443
0,194
0,472
0,327
0,193
0,567
0,326
0,192
0,440
0,325
0,63
0,431
0,324
0,62
0,429
0,323
0,61
0,428
0,321
0,60
0,427
0,426
0,59
0,320
0,58
0,425
0,506
0,57
0,424
0,351
0,56
0,319
0,317
0,55
0,557
0,344
0,54
0,329
0,423
0,53
0,508
0,316
0,52
0,350
0,315
0,51
0,505
0,314
0,50
0,313
0,49
0,478
0,312
0,48
0,418
0,311
0,47
0,417
0,309
0,46
0,476
0,306
0,45
0,477
0,301
0,6
0,5
0,1
0,11
0,4
0,2
0,3
0,7
