0,310
0,305
0,308
0,307
0,302
0,304
0,303
0,12
0,10
0,8
0,0
0,416
0,415
0,300
0,414
0,413
0,299
0,553
0,495
0,298
0,496
0,412
0,297
0,492
0,411
0,296
0,491
0,410
0,295
0,530
0,493
0,294
0,490
0,409
0,293
0,529
0,407
0,292
0,549
0,406
0,291
0,488
0,405
0,290
0,560
0,487
0,289
0,548
0,489
0,288
0,552
0,404
0,287
0,547
0,403
0,286
0,546
0,402
0,285
0,528
0,400
0,284
0,527
0,399
0,283
0,526
0,401
0,282
0,398
0,397
0,281
0,525
0,396
0,280
0,395
0,394
0,279
0,393
0,392
0,278
0,391
0,390
0,277
0,389
0,388
0,276
0,559
0,545
0,275
0,486
0,387
0,274
0,485
0,386
0,273
0,484
0,385
0,272
0,483
0,482
0,271
0,544
0,384
0,270
0,524
0,383
0,269
0,543
0,382
0,268
0,481
0,381
0,267
0,523
0,480
0,266
0,563
0,551
0,265
0,479
0,380
0,264
0,478
0,379
0,263
0,477
0,378
0,262
0,476
0,475
0,261
0,550
0,377
0,260
0,522
0,376
0,259
0,474
0,375
0,258
0,542
0,374
0,257
0,521
0,473
0,256
0,541
0,472
0,255
0,520
0,373
0,254
0,471
0,372
0,253
0,470
0,371
0,252
0,558
0,469
0,251
0,468
0,370
0,250
0,467
0,369
0,249
0,519
0,368
0,248
0,518
0,367
0,247
0,540
0,517
0,246
0,516
0,466
0,245
0,465
0,366
0,244
0,557
0,365
0,242
0,464
0,364
0,241
0,463
0,363
0,240
0,515
1,0
53,5
1,3
3,0
54,3
3,1
3,3
50,1
50,2
52,0
52,1
52,3
53,4
54,2
55,1
55,2
56,0
56,2
56,3
57,0
57,1
57,3
58,0
58,2
58,4
59,0
59,2
59,3
60,0
60,2
60,3
62,0
62,1
62,3
64,0
64,1
64,3
64,4
67,1
67,2
67,4
70,1
70,2
70,4
70,5
72,0
72,2
72,3
73,0
73,1
73,3
74,0
74,2
75,0
75,1
75,3
76,0
76,2
77,0
77,1
77,3
77,2
76,3
76,1
75,2
74,3
74,1
73,2
72,4
72,1
70,6
70,3
70,0
67,3
67,0
64,2
62,4
62,2
60,4
60,1
59,4
59,1
58,3
58,1
57,2
56,4
56,1
55,3
55,0
53,2
52,2
50,3
50,0
54,1
54,0
1,1
53,1
0,494
53,3
53,0
0,408
2,1
0,322
2,3
0,243
2,0
0,9
0,462
0,239
0,461
0,362
0,238
0,460
0,361
0,237
0,539
0,360
0,236
0,538
0,359
0,235
0,537
0,514
0,234
0,513
0,459
0,233
0,458
0,358
0,232
0,457
0,357
0,231
0,556
0,356
0,230
0,564
0,355
0,229
0,512
0,354
0,228
0,511
0,353
0,227
0,510
0,456
0,226
0,455
0,352
0,225
0,454
0,351
0,224
0,509
0,350
0,223
0,536
0,349
0,222
0,535
0,453
0,221
0,508
0,452
0,220
0,451
0,348
0,219
0,534
0,347
0,218
0,533
0,346
0,217
0,507
0,345
0,216
0,450
0,344
0,215
0,506
0,343
0,214
0,562
0,342
0,213
0,341
0,212
0,340
0,211
0,555
0,339
0,210
0,448
0,338
0,209
0,447
0,337
0,208
0,449
0,336
0,207
0,446
0,445
0,206
0,444
0,335
0,205
0,443
0,334
0,204
0,442
0,333
0,203
0,441
0,332
0,202
0,440
0,439
0,201
0,532
0,505
0,200
0,504
0,331
0,199
0,438
0,330
0,198
0,437
0,329
0,197
0,503
0,328
0,196
0,561
0,435
0,195
0,531
0,434
0,194
0,436
0,327
0,193
0,433
0,326
0,192
0,432
0,325
0,63
0,431
0,324
0,62
0,430
0,323
0,61
0,429
0,321
0,60
0,428
0,427
0,59
0,502
0,320
0,58
0,426
0,319
0,57
0,425
0,318
0,56
0,501
0,317
0,55
0,554
0,499
0,54
0,498
0,424
0,53
0,500
0,316
0,52
0,497
0,315
0,51
0,422
0,314
0,50
0,421
0,313
0,49
0,423
0,312
0,48
0,420
0,311
0,47
0,419
0,309
0,46
0,418
0,306
0,45
0,417
0,301
0,6
0,5
0,1
0,11
0,4
0,2
0,3
0,7
