478,3
478,2
478,1
478,0
477,4
477,3
477,2
477,1
477,0
476,4
476,3
476,2
476,1
476,0
475,6
475,5
475,4
475,3
475,2
475,1
475,0
474,6
474,5
474,4
474,3
474,2
474,1
474,0
473,6
473,5
473,4
473,3
473,2
473,1
473,0
472,4
472,3
472,2
472,1
472,0
471,3
471,2
471,1
471,0
470,3
470,2
470,1
470,0
469,4
469,3
469,2
469,1
469,0
468,4
468,3
468,2
468,1
468,0
467,4
467,3
467,2
467,1
467,0
466,4
466,3
466,2
466,1
466,0
465,4
465,3
465,2
465,1
465,0
464,4
464,3
464,2
464,1
464,0
463,4
463,3
463,2
463,1
463,0
462,3
462,2
462,1
462,0
461,4
461,3
461,2
461,1
461,0
460,3
460,2
460,1
460,0
459,3
459,2
459,1
459,0
458,5
458,4
458,3
458,2
458,1
458,0
457,3
457,2
457,1
457,0
456,4
456,3
456,2
456,1
456,0
455,3
455,2
455,1
455,0
454,3
454,2
454,1
454,0
453,4
453,3
453,2
453,1
453,0
452,4
452,3
452,2
452,1
452,0
451,6
451,5
451,4
451,3
451,2
451,1
451,0
450,6
450,5
450,4
450,3
450,2
450,1
450,0
449,6
449,5
449,4
449,3
449,2
449,1
449,0
448,4
448,3
448,2
448,1
448,0
447,3
447,2
447,1
447,0
446,3
446,2
446,1
446,0
445,4
445,3
445,2
445,1
445,0
444,4
444,3
444,2
444,1
444,0
443,4
443,3
443,2
443,1
443,0
442,4
442,3
442,2
442,1
442,0
441,4
441,3
441,2
441,1
441,0
440,4
440,3
440,2
440,1
440,0
439,4
439,3
439,2
439,1
439,0
438,3
438,2
438,1
438,0
437,4
437,3
437,2
437,1
437,0
436,3
436,2
436,1
436,0
435,3
435,2
435,1
435,0
434,5
434,4
434,3
434,2
434,1
434,0
433,3
433,2
433,1
433,0
432,4
432,3
432,2
432,1
432,0
431,3
431,2
431,1
431,0
430,3
430,2
430,1
430,0
429,4
429,3
429,2
429,1
429,0
428,4
428,3
428,2
428,1
428,0
427,6
427,5
427,4
427,3
427,2
427,1
427,0
426,6
426,5
426,4
426,3
426,2
426,1
426,0
425,6
425,5
425,4
425,3
425,2
425,1
425,0
424,4
424,3
424,2
424,1
424,0
423,3
423,2
423,1
423,0
422,3
422,2
422,1
422,0
421,4
421,3
421,2
421,1
421,0
420,4
420,3
420,2
420,1
420,0
419,4
419,3
419,2
419,1
419,0
418,4
418,3
418,2
418,1
418,0
417,4
417,3
417,2
417,1
417,0
416,4
416,3
416,2
416,1
416,0
415,4
415,3
415,2
415,1
415,0
414,3
414,2
414,1
414,0
413,4
413,3
413,2
413,1
413,0
412,3
412,2
412,1
412,0
411,3
411,2
411,1
411,0
410,5
410,4
410,3
410,2
410,1
410,0
409,3
409,2
409,1
409,0
408,4
408,3
408,2
408,1
408,0
407,3
407,2
407,1
407,0
406,3
406,2
406,1
406,0
405,4
405,3
405,2
405,1
405,0
404,4
404,3
404,2
404,1
404,0
403,6
403,5
403,4
403,3
403,2
403,1
403,0
402,6
402,5
402,4
402,3
402,2
402,1
402,0
401,6
401,5
401,4
401,3
401,2
401,1
401,0
400,4
400,3
400,2
400,1
400,0
399,3
399,2
399,1
399,0
398,3
398,2
398,1
398,0
397,4
397,3
397,2
397,1
397,0
396,4
396,3
396,2
396,1
396,0
395,4
395,3
395,2
395,1
395,0
394,4
394,3
394,2
394,1
394,0
393,4
393,3
393,2
393,1
393,0
392,4
392,3
392,2
392,1
392,0
391,4
391,3
391,2
391,1
391,0
390,3
390,2
390,1
390,0
389,4
389,3
389,2
389,1
389,0
388,3
388,2
388,1
388,0
387,3
387,2
387,1
387,0
386,5
386,4
386,3
386,2
386,1
386,0
385,3
385,2
385,1
385,0
384,4
384,3
384,2
384,1
384,0
383,3
383,2
383,1
383,0
382,3
382,2
382,1
382,0
381,4
381,3
381,2
381,1
381,0
380,4
380,3
380,2
380,1
380,0
379,6
379,5
379,4
379,3
379,2
379,1
379,0
378,6
378,5
378,4
378,3
378,2
378,1
378,0
377,6
377,5
377,4
377,3
377,2
377,1
377,0
376,4
376,3
376,2
376,1
376,0
375,3
375,2
375,1
375,0
374,3
374,2
374,1
374,0
373,4
373,3
373,2
373,1
373,0
372,4
372,3
372,2
372,1
372,0
371,4
371,3
371,2
371,1
371,0
370,4
370,3
370,2
370,1
370,0
369,4
369,3
369,2
369,1
369,0
368,4
368,3
368,2
368,1
368,0
367,4
367,3
367,2
367,1
367,0
366,3
366,2
366,1
366,0
365,4
365,3
365,2
365,1
365,0
364,3
364,2
364,1
364,0
363,3
363,2
363,1
363,0
362,5
362,4
362,3
362,2
362,1
362,0
361,3
361,2
361,1
361,0
360,4
360,3
360,2
360,1
360,0
359,3
359,2
359,1
359,0
358,4
358,3
358,2
358,1
358,0
357,4
357,3
357,2
357,1
357,0
356,6
356,5
356,4
356,3
356,2
356,1
356,0
355,6
355,5
355,4
355,3
355,2
355,1
355,0
354,6
354,5
354,4
354,3
354,2
354,1
354,0
353,4
353,3
353,2
353,1
353,0
352,3
352,2
352,1
352,0
351,3
351,2
351,1
351,0
350,4
350,3
350,2
350,1
350,0
349,4
349,3
349,2
349,1
349,0
348,4
348,3
348,2
348,1
348,0
347,4
347,3
347,2
347,1
347,0
346,4
346,3
346,2
346,1
346,0
345,4
345,3
345,2
345,1
345,0
344,4
344,3
344,2
344,1
344,0
343,3
343,2
343,1
343,0
342,4
342,3
342,2
342,1
342,0
341,3
341,2
341,1
341,0
340,3
340,2
340,1
340,0
339,5
339,4
339,3
339,2
339,1
339,0
338,3
338,2
338,1
338,0
337,4
337,3
337,2
337,1
337,0
336,3
336,2
336,1
336,0
0,310
0,305
0,308
0,307
0,302
0,304
0,303
0,12
0,10
0,8
0,0
0,415
0,414
0,300
0,457
0,412
0,299
0,527
0,497
0,298
0,495
0,411
0,297
0,493
0,410
0,296
0,333
0,409
0,295
0,564
0,492
0,294
0,491
0,407
0,293
0,526
0,406
0,292
0,525
0,428
0,291
0,489
0,404
0,290
0,546
0,490
0,289
0,524
0,288
0,486
0,403
0,287
0,488
0,402
0,286
0,556
0,401
0,285
0,555
0,502
0,284
0,554
0,398
0,283
0,523
0,282
0,522
0,570
0,281
0,521
0,360
0,280
0,395
0,394
0,279
0,393
0,446
0,278
0,391
0,390
0,277
0,389
0,388
0,276
0,368
0,520
0,275
0,432
0,387
0,274
0,427
0,386
0,273
0,483
0,385
0,272
0,482
0,351
0,271
0,545
0,384
0,270
0,519
0,383
0,269
0,562
0,382
0,268
0,480
0,381
0,267
0,544
0,479
0,266
0,565
0,518
0,265
0,478
0,380
0,264
0,477
0,379
0,263
0,476
0,378
0,262
0,475
0,474
0,261
0,543
0,377
0,260
0,517
0,259
0,473
0,375
0,258
0,561
0,374
0,257
0,516
0,569
0,256
0,560
0,471
0,255
0,542
0,373
0,254
0,470
0,372
0,253
0,469
0,371
0,252
0,468
0,515
0,251
0,467
0,370
0,250
0,466
0,369
0,249
0,514
0,487
0,248
0,558
0,367
0,247
0,559
0,513
0,246
0,553
0,504
0,245
0,464
0,366
0,244
0,552
0,365
0,242
0,422
0,364
0,241
0,462
0,363
0,240
0,512
0,344
0,239
0,433
0,498
0,506
0,531
2,1
0,539
308,5
0,547
0,563
0,568
0,572
1,1
2,4
2,5
2,6
3,1
3,3
305,1
305,3
307,0
307,2
307,3
308,4
309,0
309,2
310,0
310,1
310,3
311,0
311,2
311,4
312,0
312,2
312,3
313,1
313,3
313,4
314,1
314,2
314,4
315,0
315,2
315,4
317,0
317,2
317,3
319,0
319,2
319,3
322,0
322,1
322,3
322,4
325,1
325,3
325,4
325,6
327,0
327,2
327,4
328,0
328,2
328,3
329,0
329,1
329,3
330,1
330,2
332,0
332,1
332,3
335,0
335,1
335,3
335,4
335,5
335,2
332,4
332,2
330,3
330,0
329,2
328,4
328,1
327,3
327,1
325,5
325,2
325,0
322,2
319,4
319,1
317,4
317,1
315,3
315,1
314,3
314,0
313,2
313,0
312,1
311,3
311,1
310,2
309,3
309,1
308,2
307,1
305,2
305,0
3,0
2,7
2,2
1,3
1,0
0,541
308,1
308,3
0,494
0,408
0,400
0,376
308,0
2,8
2,3
2,0
0,322
0,243
0,9
0,460
0,362
0,238
0,459
0,361
0,237
0,511
0,413
0,236
0,451
0,359
0,235
0,540
0,405
0,234
0,454
0,458
0,233
0,334
0,358
0,232
0,456
0,357
0,231
0,537
0,356
0,230
0,397
0,355
0,229
0,399
0,354
0,228
0,550
0,353
0,227
0,535
0,455
0,226
0,500
0,352
0,225
0,453
0,501
0,224
0,566
0,350
0,223
0,533
0,349
0,222
0,575
0,452
0,221
0,510
0,481
0,220
0,392
0,348
0,219
0,447
0,347
0,218
0,396
0,346
0,217
0,509
0,448
0,216
0,449
0,463
0,215
0,574
0,343
0,214
0,532
0,342
0,213
0,507
0,341
0,212
0,435
0,340
0,211
0,345
0,339
0,210
0,444
0,338
0,209
0,434
0,337
0,208
0,534
0,336
0,207
0,445
0,573
0,206
0,421
0,335
0,205
0,442
0,439
0,204
0,441
0,461
0,203
0,496
0,332
0,202
0,549
0,438
0,201
0,530
0,499
0,200
0,548
0,331
0,199
0,437
0,484
0,198
0,436
0,485
0,197
0,419
0,328
0,196
0,529
0,551
0,195
0,528
0,443
0,194
0,472
0,327
0,193
0,567
0,326
0,192
0,440
0,325
0,63
0,431
0,324
0,62
0,429
0,323
0,61
0,538
0,321
0,60
0,536
0,426
0,59
0,503
0,320
0,58
0,425
0,450
0,57
0,424
0,430
0,56
0,319
0,317
0,55
0,557
0,318
0,54
0,329
0,423
0,53
0,508
0,316
0,52
0,330
0,315
0,51
0,505
0,314
0,50
0,420
0,313
0,49
0,465
0,312
0,48
0,418
0,311
0,47
0,417
0,309
0,46
0,571
0,306
0,45
0,416
0,301
0,6
0,5
0,1
0,11
0,4
0,2
0,3
0,7
